0.000  1.572
0.001  1.572
0.002  1.572
0.002  1.572
0.003  1.572
0.004  1.572
0.005  1.572
0.005  1.572
0.006  1.572
0.007  1.572
0.008  1.572
0.009  1.572
0.009  1.572
0.010  1.572
0.011  1.572
0.012  1.572
0.012  1.573
0.013  1.573
0.014  1.574
0.015  1.575
0.016  1.576
0.016  1.577
0.017  1.579
0.018  1.580
0.019  1.581
0.019  1.583
0.020  1.585
0.021  1.587
0.022  1.589
0.022  1.591
0.023  1.593
0.024  1.595
0.025  1.598
0.026  1.600
0.026  1.603
0.027  1.606
0.028  1.608
0.029  1.611
0.029  1.614
0.030  1.617
0.031  1.621
0.032  1.624
0.033  1.627
0.033  1.631
0.034  1.634
0.035  1.638
0.036  1.641
0.036  1.645
0.037  1.649
0.038  1.653
0.039  1.656
0.040  1.660
0.040  1.664
0.041  1.668
0.042  1.672
0.043  1.677
0.043  1.681
0.044  1.685
0.045  1.689
0.046  1.694
0.047  1.698
0.047  1.702
0.048  1.707
0.049  1.711
0.050  1.715
0.050  1.720
0.051  1.724
0.052  1.729
0.053  1.734
0.053  1.738
0.054  1.743
0.055  1.747
0.056  1.752
0.057  1.756
0.057  1.761
0.058  1.766
0.059  1.770
0.060  1.775
0.060  1.780
0.061  1.784
0.062  1.789
0.063  1.794
0.064  1.798
0.064  1.803
0.065  1.808
0.066  1.813
0.067  1.817
0.067  1.822
0.068  1.827
0.069  1.831
0.070  1.836
0.071  1.841
0.071  1.845
0.072  1.850
0.073  1.854
0.074  1.859
0.074  1.864
0.075  1.868
0.076  1.873
0.077  1.878
0.078  1.882
0.078  1.887
0.079  1.891
0.080  1.896
0.081  1.900
0.081  1.905
0.082  1.909
0.083  1.914
0.084  1.918
0.084  1.922
0.085  1.927
0.086  1.931
0.087  1.936
0.088  1.940
0.088  1.944
0.089  1.948
0.090  1.953
0.091  1.957
0.091  1.961
0.092  1.965
0.093  1.970
0.094  1.974
0.095  1.978
0.095  1.982
0.096  1.986
0.097  1.990
0.098  1.994
0.098  1.998
0.099  2.002
0.100  2.006
0.101  2.010
0.102  2.014
0.102  2.018
0.103  2.021
0.104  2.025
0.105  2.029
0.105  2.033
0.106  2.036
0.107  2.040
0.108  2.044
0.109  2.047
0.109  2.051
0.110  2.055
0.111  2.058
0.112  2.062
0.112  2.065
0.113  2.068
0.114  2.072
0.115  2.075
0.116  2.078
0.116  2.082
0.117  2.085
0.118  2.088
0.119  2.091
0.119  2.095
0.120  2.098
0.121  2.101
0.122  2.104
0.122  2.107
0.123  2.110
0.124  2.113
0.125  2.116
0.126  2.119
0.126  2.121
0.127  2.124
0.128  2.127
0.129  2.130
0.129  2.133
0.130  2.135
0.131  2.138
0.132  2.140
0.133  2.143
0.133  2.146
0.134  2.148
0.135  2.150
0.136  2.153
0.136  2.155
0.137  2.158
0.138  2.160
0.139  2.162
0.140  2.164
0.140  2.167
0.141  2.169
0.142  2.171
0.143  2.173
0.143  2.175
0.144  2.177
0.145  2.179
0.146  2.181
0.147  2.183
0.147  2.185
0.148  2.187
0.149  2.189
0.150  2.190
0.150  2.192
0.151  2.194
0.152  2.195
0.153  2.197
0.153  2.199
0.154  2.200
0.155  2.202
0.156  2.203
0.157  2.205
0.157  2.206
0.158  2.207
0.159  2.209
0.160  2.210
0.160  2.211
0.161  2.212
0.162  2.214
0.163  2.215
0.164  2.216
0.164  2.217
0.165  2.218
0.166  2.219
0.167  2.220
0.167  2.221
0.168  2.222
0.169  2.222
0.170  2.223
0.171  2.224
0.171  2.225
0.172  2.225
0.173  2.226
0.174  2.226
0.174  2.227
0.175  2.227
0.176  2.228
0.177  2.228
0.178  2.228
0.178  2.228
0.179  2.228
0.180  2.228
0.181  2.228
0.181  2.228
0.182  2.228
0.183  2.228
0.184  2.228
0.184  2.228
0.185  2.228
0.186  2.228
0.187  2.228
0.188  2.228
0.188  2.228
0.189  2.228
0.190  2.228
0.191  2.228
0.191  2.228
0.192  2.228
0.193  2.228
0.194  2.228
0.195  2.228
0.195  2.228
0.196  2.228
0.197  2.228
0.198  2.228
0.198  2.228
0.199  2.228
0.200  2.228
0.201  2.228
0.202  2.228
0.202  2.228
0.203  2.228
0.204  2.228
0.205  2.228
0.205  2.228
0.206  2.228
0.207  2.228
0.208  2.228
0.209  2.228
0.209  2.228
0.210  2.228
0.211  2.228
0.212  2.228
0.212  2.228
0.213  2.228
0.214  2.228
0.215  2.228
0.216  2.228
0.216  2.228
0.217  2.228
0.218  2.228
0.219  2.228
0.219  2.228
0.220  2.228
0.221  2.228
0.222  2.228
0.222  2.228
0.223  2.228
0.224  2.228
0.225  2.228
0.226  2.228
0.226  2.228
0.227  2.228
0.228  2.228
0.229  2.228
0.229  2.228
0.230  2.228
0.231  2.228
0.232  2.228
0.233  2.228
0.233  2.228
0.234  2.228
0.235  2.228
0.236  2.228
0.236  2.228
0.237  2.228
0.238  2.228
0.239  2.228
0.240  2.228
0.240  2.228
0.241  2.228
0.242  2.228
0.243  2.228
0.243  2.228
0.244  2.228
0.245  2.228
0.246  2.228
0.247  2.228
0.247  2.228
0.248  2.228
0.249  2.228
0.250  2.228
0.250  2.228
0.251  2.228
0.252  2.228
0.253  2.228
0.253  2.228
0.254  2.228
0.255  2.228
0.256  2.228
0.257  2.228
0.257  2.228
0.258  2.228
0.259  2.228
0.260  2.228
0.260  2.228
0.261  2.228
0.262  2.228
0.263  2.228
0.264  2.228
0.264  2.228
0.265  2.228
0.266  2.228
0.267  2.228
0.267  2.228
0.268  2.228
0.269  2.228
0.270  2.228
0.271  2.228
0.271  2.228
0.272  2.228
0.273  2.228
0.274  2.228
0.274  2.228
0.275  2.228
0.276  2.228
0.277  2.228
0.278  2.228
0.278  2.228
0.279  2.228
0.280  2.228
0.281  2.228
0.281  2.228
0.282  2.228
0.283  2.228
0.284  2.228
0.284  2.228
0.285  2.228
0.286  2.228
0.287  2.228
0.288  2.228
0.288  2.228
0.289  2.228
0.290  2.228
0.291  2.228
0.291  2.228
0.292  2.228
0.293  2.228
0.294  2.228
0.295  2.228
0.295  2.228
0.296  2.228
0.297  2.228
0.298  2.228
0.298  2.228
0.299  2.228
0.300  2.228
0.301  2.228
0.302  2.228
0.302  2.228
0.303  2.228
0.304  2.228
0.305  2.228
0.305  2.228
0.306  2.228
0.307  2.228
0.308  2.228
0.309  2.228
0.309  2.228
0.310  2.228
0.311  2.228
0.312  2.228
0.312  2.228
0.313  2.228
0.314  2.228
0.315  2.228
0.316  2.228
0.316  2.228
0.317  2.228
0.318  2.228
0.319  2.228
0.319  2.228
0.320  2.228
0.321  2.228
0.322  2.228
0.322  2.228
0.323  2.228
0.324  2.228
0.325  2.227
0.326  2.227
0.326  2.226
0.327  2.226
0.328  2.225
0.329  2.225
0.329  2.224
0.330  2.224
0.331  2.223
0.332  2.222
0.333  2.221
0.333  2.220
0.334  2.220
0.335  2.219
0.336  2.218
0.336  2.217
0.337  2.216
0.338  2.215
0.339  2.214
0.340  2.213
0.340  2.211
0.341  2.210
0.342  2.209
0.343  2.208
0.343  2.206
0.344  2.205
0.345  2.204
0.346  2.202
0.347  2.201
0.347  2.199
0.348  2.198
0.349  2.196
0.350  2.195
0.350  2.193
0.351  2.192
0.352  2.190
0.353  2.188
0.353  2.187
0.354  2.185
0.355  2.183
0.356  2.181
0.357  2.179
0.357  2.177
0.358  2.175
0.359  2.174
0.360  2.172
0.360  2.169
0.361  2.167
0.362  2.165
0.363  2.163
0.364  2.161
0.364  2.159
0.365  2.157
0.366  2.154
0.367  2.152
0.367  2.150
0.368  2.147
0.369  2.145
0.370  2.142
0.371  2.140
0.371  2.137
0.372  2.135
0.373  2.132
0.374  2.130
0.374  2.127
0.375  2.125
0.376  2.122
0.377  2.119
0.378  2.116
0.378  2.114
0.379  2.111
0.380  2.108
0.381  2.105
0.381  2.102
0.382  2.099
0.383  2.096
0.384  2.093
0.384  2.090
0.385  2.087
0.386  2.084
0.387  2.081
0.388  2.078
0.388  2.075
0.389  2.071
0.390  2.068
0.391  2.065
0.391  2.061
0.392  2.058
0.393  2.055
0.394  2.051
0.395  2.048
0.395  2.045
0.396  2.041
0.397  2.038
0.398  2.034
0.398  2.030
0.399  2.027
0.400  2.023
0.401  2.020
0.402  2.016
0.402  2.012
0.403  2.009
0.404  2.005
0.405  2.001
0.405  1.997
0.406  1.994
0.407  1.990
0.408  1.986
0.409  1.982
0.409  1.978
0.410  1.974
0.411  1.970
0.412  1.966
0.412  1.962
0.413  1.958
0.414  1.954
0.415  1.950
0.416  1.946
0.416  1.942
0.417  1.938
0.418  1.934
0.419  1.930
0.419  1.926
0.420  1.922
0.421  1.917
0.422  1.913
0.422  1.909
0.423  1.905
0.424  1.901
0.425  1.896
0.426  1.892
0.426  1.888
0.427  1.884
0.428  1.879
0.429  1.875
0.429  1.871
0.430  1.866
0.431  1.862
0.432  1.858
0.433  1.854
0.433  1.849
0.434  1.845
0.435  1.841
0.436  1.836
0.436  1.832
0.437  1.828
0.438  1.823
0.439  1.819
0.440  1.815
0.440  1.810
0.441  1.806
0.442  1.802
0.443  1.798
0.443  1.793
0.444  1.789
0.445  1.785
0.446  1.780
0.447  1.776
0.447  1.772
0.448  1.768
0.449  1.764
0.450  1.760
0.450  1.755
0.451  1.751
0.452  1.747
0.453  1.743
0.453  1.739
0.454  1.735
0.455  1.731
0.456  1.727
0.457  1.723
0.457  1.720
0.458  1.716
0.459  1.712
0.460  1.708
0.460  1.705
0.461  1.701
0.462  1.697
0.463  1.694
0.464  1.690
0.464  1.687
0.465  1.684
0.466  1.680
0.467  1.677
0.467  1.674
0.468  1.671
0.469  1.668
0.470  1.665
0.471  1.662
0.471  1.659
0.472  1.657
0.473  1.654
0.474  1.652
0.474  1.649
0.475  1.647
0.476  1.645
0.477  1.642
0.478  1.640
0.478  1.639
0.479  1.637
0.480  1.635
0.481  1.633
0.481  1.632
0.482  1.630
0.483  1.629
0.484  1.628
0.484  1.627
0.485  1.626
0.486  1.625
0.487  1.625
0.488  1.624
0.488  1.623
0.489  1.623
0.490  1.623
0.491  1.623
0.491  1.623
0.492  1.623
0.493  1.623
0.494  1.623
0.495  1.623
0.495  1.623
0.496  1.623
0.497  1.623
0.498  1.623
0.498  1.623
0.499  1.623
0.500  1.623
0.501  1.623
0.502  1.623
0.502  1.623
0.503  1.623
0.504  1.623
0.505  1.623
0.505  1.623
0.506  1.623
0.507  1.623
0.508  1.623
0.509  1.623
0.509  1.623
0.510  1.623
0.511  1.623
0.512  1.623
0.512  1.624
0.513  1.625
0.514  1.625
0.515  1.626
0.516  1.627
0.516  1.628
0.517  1.629
0.518  1.630
0.519  1.632
0.519  1.633
0.520  1.635
0.521  1.637
0.522  1.639
0.522  1.640
0.523  1.642
0.524  1.645
0.525  1.647
0.526  1.649
0.526  1.652
0.527  1.654
0.528  1.657
0.529  1.659
0.529  1.662
0.530  1.665
0.531  1.668
0.532  1.671
0.533  1.674
0.533  1.677
0.534  1.680
0.535  1.684
0.536  1.687
0.536  1.690
0.537  1.694
0.538  1.697
0.539  1.701
0.540  1.705
0.540  1.708
0.541  1.712
0.542  1.716
0.543  1.720
0.543  1.723
0.544  1.727
0.545  1.731
0.546  1.735
0.547  1.739
0.547  1.743
0.548  1.747
0.549  1.751
0.550  1.755
0.550  1.760
0.551  1.764
0.552  1.768
0.553  1.772
0.553  1.776
0.554  1.780
0.555  1.785
0.556  1.789
0.557  1.793
0.557  1.798
0.558  1.802
0.559  1.806
0.560  1.810
0.560  1.815
0.561  1.819
0.562  1.823
0.563  1.828
0.564  1.832
0.564  1.836
0.565  1.841
0.566  1.845
0.567  1.849
0.567  1.854
0.568  1.858
0.569  1.862
0.570  1.866
0.571  1.871
0.571  1.875
0.572  1.879
0.573  1.884
0.574  1.888
0.574  1.892
0.575  1.896
0.576  1.901
0.577  1.905
0.578  1.909
0.578  1.913
0.579  1.917
0.580  1.922
0.581  1.926
0.581  1.930
0.582  1.934
0.583  1.938
0.584  1.942
0.584  1.946
0.585  1.950
0.586  1.954
0.587  1.958
0.588  1.962
0.588  1.966
0.589  1.970
0.590  1.974
0.591  1.978
0.591  1.982
0.592  1.986
0.593  1.990
0.594  1.994
0.595  1.997
0.595  2.001
0.596  2.005
0.597  2.009
0.598  2.012
0.598  2.016
0.599  2.020
0.600  2.023
0.601  2.027
0.602  2.030
0.602  2.034
0.603  2.038
0.604  2.041
0.605  2.045
0.605  2.048
0.606  2.051
0.607  2.055
0.608  2.058
0.609  2.061
0.609  2.065
0.610  2.068
0.611  2.071
0.612  2.075
0.612  2.078
0.613  2.081
0.614  2.084
0.615  2.087
0.616  2.090
0.616  2.093
0.617  2.096
0.618  2.099
0.619  2.102
0.619  2.105
0.620  2.108
0.621  2.111
0.622  2.114
0.622  2.116
0.623  2.119
0.624  2.122
0.625  2.125
0.626  2.127
0.626  2.130
0.627  2.132
0.628  2.135
0.629  2.137
0.629  2.140
0.630  2.142
0.631  2.145
0.632  2.147
0.633  2.150
0.633  2.152
0.634  2.154
0.635  2.157
0.636  2.159
0.636  2.161
0.637  2.163
0.638  2.165
0.639  2.167
0.640  2.169
0.640  2.172
0.641  2.174
0.642  2.175
0.643  2.177
0.643  2.179
0.644  2.181
0.645  2.183
0.646  2.185
0.647  2.187
0.647  2.188
0.648  2.190
0.649  2.192
0.650  2.193
0.650  2.195
0.651  2.196
0.652  2.198
0.653  2.199
0.653  2.201
0.654  2.202
0.655  2.204
0.656  2.205
0.657  2.206
0.657  2.208
0.658  2.209
0.659  2.210
0.660  2.211
0.660  2.213
0.661  2.214
0.662  2.215
0.663  2.216
0.664  2.217
0.664  2.218
0.665  2.219
0.666  2.220
0.667  2.220
0.667  2.221
0.668  2.222
0.669  2.223
0.670  2.224
0.671  2.224
0.671  2.225
0.672  2.225
0.673  2.226
0.674  2.226
0.674  2.227
0.675  2.227
0.676  2.228
0.677  2.228
0.678  2.228
0.678  2.228
0.679  2.228
0.680  2.228
0.681  2.228
0.681  2.228
0.682  2.228
0.683  2.228
0.684  2.228
0.684  2.228
0.685  2.228
0.686  2.228
0.687  2.228
0.688  2.228
0.688  2.228
0.689  2.228
0.690  2.228
0.691  2.228
0.691  2.228
0.692  2.228
0.693  2.228
0.694  2.228
0.695  2.228
0.695  2.228
0.696  2.228
0.697  2.228
0.698  2.228
0.698  2.228
0.699  2.228
0.700  2.228
0.701  2.228
0.702  2.228
0.702  2.228
0.703  2.228
0.704  2.228
0.705  2.228
0.705  2.228
0.706  2.228
0.707  2.228
0.708  2.228
0.709  2.228
0.709  2.228
0.710  2.228
0.711  2.228
0.712  2.228
0.712  2.228
0.713  2.228
0.714  2.228
0.715  2.228
0.716  2.228
0.716  2.228
0.717  2.228
0.718  2.228
0.719  2.228
0.719  2.228
0.720  2.228
0.721  2.228
0.722  2.228
0.722  2.228
0.723  2.228
0.724  2.228
0.725  2.228
0.726  2.228
0.726  2.228
0.727  2.228
0.728  2.228
0.729  2.228
0.729  2.228
0.730  2.228
0.731  2.228
0.732  2.228
0.733  2.228
0.733  2.228
0.734  2.228
0.735  2.228
0.736  2.228
0.736  2.228
0.737  2.228
0.738  2.228
0.739  2.228
0.740  2.228
0.740  2.228
0.741  2.228
0.742  2.228
0.743  2.228
0.743  2.228
0.744  2.228
0.745  2.228
0.746  2.228
0.747  2.228
0.747  2.228
0.748  2.228
0.749  2.228
0.750  2.228
0.750  2.228
0.751  2.228
0.752  2.228
0.753  2.228
0.753  2.228
0.754  2.228
0.755  2.228
0.756  2.228
0.757  2.228
0.757  2.228
0.758  2.228
0.759  2.228
0.760  2.228
0.760  2.228
0.761  2.228
0.762  2.228
0.763  2.228
0.764  2.228
0.764  2.228
0.765  2.228
0.766  2.228
0.767  2.228
0.767  2.228
0.768  2.228
0.769  2.228
0.770  2.228
0.771  2.228
0.771  2.228
0.772  2.228
0.773  2.228
0.774  2.228
0.774  2.228
0.775  2.228
0.776  2.228
0.777  2.228
0.778  2.228
0.778  2.228
0.779  2.228
0.780  2.228
0.781  2.228
0.781  2.228
0.782  2.228
0.783  2.228
0.784  2.228
0.784  2.228
0.785  2.228
0.786  2.228
0.787  2.228
0.788  2.228
0.788  2.228
0.789  2.228
0.790  2.228
0.791  2.228
0.791  2.228
0.792  2.228
0.793  2.228
0.794  2.228
0.795  2.228
0.795  2.228
0.796  2.228
0.797  2.228
0.798  2.228
0.798  2.228
0.799  2.228
0.800  2.228
0.801  2.228
0.802  2.228
0.802  2.228
0.803  2.228
0.804  2.228
0.805  2.228
0.805  2.228
0.806  2.228
0.807  2.228
0.808  2.228
0.809  2.228
0.809  2.228
0.810  2.228
0.811  2.228
0.812  2.228
0.812  2.228
0.813  2.228
0.814  2.228
0.815  2.228
0.816  2.228
0.816  2.228
0.817  2.228
0.818  2.228
0.819  2.228
0.819  2.228
0.820  2.228
0.821  2.228
0.822  2.228
0.822  2.228
0.823  2.228
0.824  2.228
0.825  2.227
0.826  2.227
0.826  2.226
0.827  2.226
0.828  2.225
0.829  2.225
0.829  2.224
0.830  2.223
0.831  2.222
0.832  2.222
0.833  2.221
0.833  2.220
0.834  2.219
0.835  2.218
0.836  2.217
0.836  2.216
0.837  2.215
0.838  2.214
0.839  2.212
0.840  2.211
0.840  2.210
0.841  2.209
0.842  2.207
0.843  2.206
0.843  2.205
0.844  2.203
0.845  2.202
0.846  2.200
0.847  2.199
0.847  2.197
0.848  2.195
0.849  2.194
0.850  2.192
0.850  2.190
0.851  2.189
0.852  2.187
0.853  2.185
0.853  2.183
0.854  2.181
0.855  2.179
0.856  2.177
0.857  2.175
0.857  2.173
0.858  2.171
0.859  2.169
0.860  2.167
0.860  2.164
0.861  2.162
0.862  2.160
0.863  2.158
0.864  2.155
0.864  2.153
0.865  2.150
0.866  2.148
0.867  2.146
0.867  2.143
0.868  2.140
0.869  2.138
0.870  2.135
0.871  2.133
0.871  2.130
0.872  2.127
0.873  2.124
0.874  2.121
0.874  2.119
0.875  2.116
0.876  2.113
0.877  2.110
0.878  2.107
0.878  2.104
0.879  2.101
0.880  2.098
0.881  2.095
0.881  2.091
0.882  2.088
0.883  2.085
0.884  2.082
0.884  2.078
0.885  2.075
0.886  2.072
0.887  2.068
0.888  2.065
0.888  2.062
0.889  2.058
0.890  2.055
0.891  2.051
0.891  2.047
0.892  2.044
0.893  2.040
0.894  2.036
0.895  2.033
0.895  2.029
0.896  2.025
0.897  2.021
0.898  2.018
0.898  2.014
0.899  2.010
0.900  2.006
0.901  2.002
0.902  1.998
0.902  1.994
0.903  1.990
0.904  1.986
0.905  1.982
0.905  1.978
0.906  1.974
0.907  1.970
0.908  1.965
0.909  1.961
0.909  1.957
0.910  1.953
0.911  1.948
0.912  1.944
0.912  1.940
0.913  1.936
0.914  1.931
0.915  1.927
0.916  1.922
0.916  1.918
0.917  1.914
0.918  1.909
0.919  1.905
0.919  1.900
0.920  1.896
0.921  1.891
0.922  1.887
0.922  1.882
0.923  1.878
0.924  1.873
0.925  1.868
0.926  1.864
0.926  1.859
0.927  1.854
0.928  1.850
0.929  1.845
0.929  1.841
0.930  1.836
0.931  1.831
0.932  1.827
0.933  1.822
0.933  1.817
0.934  1.813
0.935  1.808
0.936  1.803
0.936  1.798
0.937  1.794
0.938  1.789
0.939  1.784
0.940  1.780
0.940  1.775
0.941  1.770
0.942  1.766
0.943  1.761
0.943  1.756
0.944  1.752
0.945  1.747
0.946  1.743
0.947  1.738
0.947  1.734
0.948  1.729
0.949  1.724
0.950  1.720
0.950  1.715
0.951  1.711
0.952  1.707
0.953  1.702
0.953  1.698
0.954  1.694
0.955  1.689
0.956  1.685
0.957  1.681
0.957  1.677
0.958  1.672
0.959  1.668
0.960  1.664
0.960  1.660
0.961  1.656
0.962  1.653
0.963  1.649
0.964  1.645
0.964  1.641
0.965  1.638
0.966  1.634
0.967  1.631
0.967  1.627
0.968  1.624
0.969  1.621
0.970  1.617
0.971  1.614
0.971  1.611
0.972  1.608
0.973  1.606
0.974  1.603
0.974  1.600
0.975  1.598
0.976  1.595
0.977  1.593
0.978  1.591
0.978  1.589
0.979  1.587
0.980  1.585
0.981  1.583
0.981  1.581
0.982  1.580
0.983  1.579
0.984  1.577
0.984  1.576
0.985  1.575
0.986  1.574
0.987  1.573
0.988  1.573
0.988  1.572
0.989  1.572
0.990  1.572
0.991  1.572
0.991  1.572
0.992  1.572
0.993  1.572
0.994  1.572
0.995  1.572
0.995  1.572
0.996  1.572
0.997  1.572
0.998  1.572
0.998  1.572
0.999  1.572
1.000  1.572
