0.000  1.082
0.001  1.082
0.002  1.090
0.002  1.101
0.003  1.113
0.004  1.125
0.005  1.138
0.005  1.150
0.006  1.163
0.007  1.176
0.008  1.189
0.009  1.202
0.009  1.214
0.010  1.227
0.011  1.240
0.012  1.253
0.012  1.266
0.013  1.279
0.014  1.292
0.015  1.304
0.016  1.317
0.016  1.330
0.017  1.343
0.018  1.355
0.019  1.368
0.019  1.381
0.020  1.393
0.021  1.406
0.022  1.419
0.022  1.431
0.023  1.444
0.024  1.456
0.025  1.468
0.026  1.481
0.026  1.493
0.027  1.505
0.028  1.518
0.029  1.530
0.029  1.542
0.030  1.554
0.031  1.566
0.032  1.578
0.033  1.590
0.033  1.602
0.034  1.614
0.035  1.626
0.036  1.637
0.036  1.649
0.037  1.661
0.038  1.672
0.039  1.684
0.040  1.695
0.040  1.707
0.041  1.718
0.042  1.729
0.043  1.740
0.043  1.751
0.044  1.762
0.045  1.773
0.046  1.784
0.047  1.795
0.047  1.806
0.048  1.817
0.049  1.827
0.050  1.838
0.050  1.848
0.051  1.858
0.052  1.869
0.053  1.879
0.053  1.889
0.054  1.899
0.055  1.909
0.056  1.919
0.057  1.928
0.057  1.938
0.058  1.947
0.059  1.957
0.060  1.966
0.060  1.975
0.061  1.985
0.062  1.994
0.063  2.003
0.064  2.011
0.064  2.020
0.065  2.029
0.066  2.037
0.067  2.046
0.067  2.054
0.068  2.062
0.069  2.070
0.070  2.078
0.071  2.086
0.071  2.093
0.072  2.101
0.073  2.108
0.074  2.116
0.074  2.123
0.075  2.130
0.076  2.137
0.077  2.143
0.078  2.150
0.078  2.157
0.079  2.163
0.080  2.169
0.081  2.175
0.081  2.181
0.082  2.187
0.083  2.192
0.084  2.197
0.084  2.203
0.085  2.208
0.086  2.213
0.087  2.217
0.088  2.222
0.088  2.226
0.089  2.230
0.090  2.234
0.091  2.237
0.091  2.241
0.092  2.244
0.093  2.246
0.094  2.249
0.095  2.251
0.095  2.252
0.096  2.253
0.097  2.253
0.098  2.253
0.098  2.253
0.099  2.253
0.100  2.253
0.101  2.253
0.102  2.253
0.102  2.253
0.103  2.253
0.104  2.253
0.105  2.253
0.105  2.253
0.106  2.253
0.107  2.253
0.108  2.253
0.109  2.253
0.109  2.253
0.110  2.253
0.111  2.253
0.112  2.253
0.112  2.253
0.113  2.253
0.114  2.253
0.115  2.253
0.116  2.253
0.116  2.253
0.117  2.253
0.118  2.253
0.119  2.253
0.119  2.253
0.120  2.253
0.121  2.253
0.122  2.253
0.122  2.253
0.123  2.253
0.124  2.253
0.125  2.253
0.126  2.253
0.126  2.253
0.127  2.253
0.128  2.253
0.129  2.253
0.129  2.253
0.130  2.253
0.131  2.253
0.132  2.253
0.133  2.253
0.133  2.253
0.134  2.253
0.135  2.253
0.136  2.253
0.136  2.253
0.137  2.253
0.138  2.253
0.139  2.253
0.140  2.253
0.140  2.253
0.141  2.253
0.142  2.253
0.143  2.253
0.143  2.253
0.144  2.253
0.145  2.253
0.146  2.253
0.147  2.253
0.147  2.253
0.148  2.253
0.149  2.253
0.150  2.253
0.150  2.253
0.151  2.253
0.152  2.253
0.153  2.253
0.153  2.253
0.154  2.253
0.155  2.253
0.156  2.253
0.157  2.253
0.157  2.253
0.158  2.253
0.159  2.253
0.160  2.253
0.160  2.253
0.161  2.253
0.162  2.253
0.163  2.253
0.164  2.253
0.164  2.253
0.165  2.253
0.166  2.253
0.167  2.253
0.167  2.253
0.168  2.253
0.169  2.253
0.170  2.253
0.171  2.253
0.171  2.253
0.172  2.253
0.173  2.253
0.174  2.253
0.174  2.253
0.175  2.253
0.176  2.253
0.177  2.253
0.178  2.253
0.178  2.253
0.179  2.253
0.180  2.253
0.181  2.253
0.181  2.253
0.182  2.253
0.183  2.253
0.184  2.253
0.184  2.253
0.185  2.253
0.186  2.253
0.187  2.253
0.188  2.253
0.188  2.253
0.189  2.253
0.190  2.253
0.191  2.253
0.191  2.253
0.192  2.253
0.193  2.253
0.194  2.253
0.195  2.253
0.195  2.253
0.196  2.253
0.197  2.253
0.198  2.253
0.198  2.253
0.199  2.253
0.200  2.253
0.201  2.253
0.202  2.253
0.202  2.253
0.203  2.253
0.204  2.253
0.205  2.253
0.205  2.253
0.206  2.253
0.207  2.253
0.208  2.253
0.209  2.253
0.209  2.253
0.210  2.253
0.211  2.253
0.212  2.253
0.212  2.253
0.213  2.253
0.214  2.253
0.215  2.253
0.216  2.253
0.216  2.253
0.217  2.253
0.218  2.253
0.219  2.253
0.219  2.253
0.220  2.253
0.221  2.253
0.222  2.253
0.222  2.253
0.223  2.253
0.224  2.253
0.225  2.253
0.226  2.253
0.226  2.253
0.227  2.253
0.228  2.253
0.229  2.253
0.229  2.253
0.230  2.253
0.231  2.253
0.232  2.253
0.233  2.253
0.233  2.253
0.234  2.253
0.235  2.253
0.236  2.253
0.236  2.253
0.237  2.253
0.238  2.253
0.239  2.253
0.240  2.253
0.240  2.253
0.241  2.253
0.242  2.253
0.243  2.253
0.243  2.253
0.244  2.253
0.245  2.253
0.246  2.253
0.247  2.253
0.247  2.253
0.248  2.253
0.249  2.253
0.250  2.253
0.250  2.253
0.251  2.253
0.252  2.253
0.253  2.253
0.253  2.253
0.254  2.253
0.255  2.253
0.256  2.253
0.257  2.253
0.257  2.253
0.258  2.253
0.259  2.253
0.260  2.253
0.260  2.253
0.261  2.253
0.262  2.253
0.263  2.253
0.264  2.253
0.264  2.253
0.265  2.253
0.266  2.253
0.267  2.253
0.267  2.253
0.268  2.253
0.269  2.253
0.270  2.253
0.271  2.253
0.271  2.253
0.272  2.253
0.273  2.253
0.274  2.253
0.274  2.253
0.275  2.253
0.276  2.253
0.277  2.253
0.278  2.253
0.278  2.253
0.279  2.253
0.280  2.253
0.281  2.253
0.281  2.253
0.282  2.253
0.283  2.253
0.284  2.253
0.284  2.253
0.285  2.253
0.286  2.253
0.287  2.253
0.288  2.253
0.288  2.253
0.289  2.253
0.290  2.253
0.291  2.253
0.291  2.253
0.292  2.253
0.293  2.253
0.294  2.253
0.295  2.253
0.295  2.253
0.296  2.253
0.297  2.253
0.298  2.253
0.298  2.253
0.299  2.253
0.300  2.253
0.301  2.253
0.302  2.253
0.302  2.253
0.303  2.253
0.304  2.253
0.305  2.253
0.305  2.253
0.306  2.253
0.307  2.253
0.308  2.253
0.309  2.253
0.309  2.253
0.310  2.253
0.311  2.253
0.312  2.253
0.312  2.253
0.313  2.253
0.314  2.253
0.315  2.253
0.316  2.253
0.316  2.253
0.317  2.253
0.318  2.253
0.319  2.253
0.319  2.253
0.320  2.253
0.321  2.253
0.322  2.253
0.322  2.253
0.323  2.253
0.324  2.253
0.325  2.253
0.326  2.253
0.326  2.253
0.327  2.253
0.328  2.253
0.329  2.253
0.329  2.253
0.330  2.253
0.331  2.253
0.332  2.253
0.333  2.253
0.333  2.253
0.334  2.253
0.335  2.253
0.336  2.253
0.336  2.253
0.337  2.253
0.338  2.253
0.339  2.253
0.340  2.253
0.340  2.253
0.341  2.253
0.342  2.253
0.343  2.253
0.343  2.253
0.344  2.253
0.345  2.253
0.346  2.253
0.347  2.253
0.347  2.253
0.348  2.253
0.349  2.253
0.350  2.253
0.350  2.253
0.351  2.253
0.352  2.253
0.353  2.253
0.353  2.253
0.354  2.253
0.355  2.253
0.356  2.253
0.357  2.253
0.357  2.253
0.358  2.253
0.359  2.253
0.360  2.253
0.360  2.253
0.361  2.253
0.362  2.253
0.363  2.253
0.364  2.253
0.364  2.253
0.365  2.253
0.366  2.253
0.367  2.253
0.367  2.253
0.368  2.253
0.369  2.253
0.370  2.253
0.371  2.253
0.371  2.253
0.372  2.253
0.373  2.253
0.374  2.253
0.374  2.253
0.375  2.253
0.376  2.253
0.377  2.253
0.378  2.253
0.378  2.253
0.379  2.253
0.380  2.253
0.381  2.253
0.381  2.253
0.382  2.253
0.383  2.253
0.384  2.253
0.384  2.253
0.385  2.253
0.386  2.253
0.387  2.253
0.388  2.253
0.388  2.253
0.389  2.253
0.390  2.253
0.391  2.253
0.391  2.253
0.392  2.253
0.393  2.253
0.394  2.253
0.395  2.253
0.395  2.253
0.396  2.253
0.397  2.253
0.398  2.253
0.398  2.253
0.399  2.253
0.400  2.253
0.401  2.253
0.402  2.253
0.402  2.253
0.403  2.253
0.404  2.253
0.405  2.252
0.405  2.251
0.406  2.249
0.407  2.247
0.408  2.245
0.409  2.242
0.409  2.239
0.410  2.236
0.411  2.233
0.412  2.229
0.412  2.225
0.413  2.221
0.414  2.217
0.415  2.213
0.416  2.209
0.416  2.204
0.417  2.199
0.418  2.195
0.419  2.189
0.419  2.184
0.420  2.179
0.421  2.174
0.422  2.168
0.422  2.162
0.423  2.157
0.424  2.151
0.425  2.144
0.426  2.138
0.426  2.132
0.427  2.126
0.428  2.119
0.429  2.112
0.429  2.106
0.430  2.099
0.431  2.092
0.432  2.085
0.433  2.078
0.433  2.070
0.434  2.063
0.435  2.055
0.436  2.048
0.436  2.040
0.437  2.032
0.438  2.024
0.439  2.017
0.440  2.008
0.440  2.000
0.441  1.992
0.442  1.984
0.443  1.975
0.443  1.967
0.444  1.958
0.445  1.950
0.446  1.941
0.447  1.932
0.447  1.923
0.448  1.914
0.449  1.905
0.450  1.896
0.450  1.887
0.451  1.878
0.452  1.868
0.453  1.859
0.453  1.850
0.454  1.840
0.455  1.831
0.456  1.821
0.457  1.811
0.457  1.801
0.458  1.792
0.459  1.782
0.460  1.772
0.460  1.762
0.461  1.752
0.462  1.741
0.463  1.731
0.464  1.721
0.464  1.711
0.465  1.700
0.466  1.690
0.467  1.680
0.467  1.669
0.468  1.658
0.469  1.648
0.470  1.637
0.471  1.627
0.471  1.616
0.472  1.605
0.473  1.594
0.474  1.584
0.474  1.573
0.475  1.562
0.476  1.551
0.477  1.540
0.478  1.529
0.478  1.518
0.479  1.507
0.480  1.496
0.481  1.485
0.481  1.473
0.482  1.462
0.483  1.451
0.484  1.440
0.484  1.429
0.485  1.417
0.486  1.406
0.487  1.395
0.488  1.383
0.488  1.372
0.489  1.361
0.490  1.349
0.491  1.338
0.491  1.327
0.492  1.315
0.493  1.304
0.494  1.293
0.495  1.282
0.495  1.270
0.496  1.259
0.497  1.248
0.498  1.238
0.498  1.228
0.499  1.222
0.500  1.222
0.501  1.222
0.502  1.228
0.502  1.238
0.503  1.248
0.504  1.259
0.505  1.270
0.505  1.282
0.506  1.293
0.507  1.304
0.508  1.315
0.509  1.327
0.509  1.338
0.510  1.349
0.511  1.361
0.512  1.372
0.512  1.383
0.513  1.395
0.514  1.406
0.515  1.417
0.516  1.429
0.516  1.440
0.517  1.451
0.518  1.462
0.519  1.473
0.519  1.485
0.520  1.496
0.521  1.507
0.522  1.518
0.522  1.529
0.523  1.540
0.524  1.551
0.525  1.562
0.526  1.573
0.526  1.584
0.527  1.594
0.528  1.605
0.529  1.616
0.529  1.627
0.530  1.637
0.531  1.648
0.532  1.658
0.533  1.669
0.533  1.680
0.534  1.690
0.535  1.700
0.536  1.711
0.536  1.721
0.537  1.731
0.538  1.741
0.539  1.752
0.540  1.762
0.540  1.772
0.541  1.782
0.542  1.792
0.543  1.801
0.543  1.811
0.544  1.821
0.545  1.831
0.546  1.840
0.547  1.850
0.547  1.859
0.548  1.868
0.549  1.878
0.550  1.887
0.550  1.896
0.551  1.905
0.552  1.914
0.553  1.923
0.553  1.932
0.554  1.941
0.555  1.950
0.556  1.958
0.557  1.967
0.557  1.975
0.558  1.984
0.559  1.992
0.560  2.000
0.560  2.008
0.561  2.017
0.562  2.024
0.563  2.032
0.564  2.040
0.564  2.048
0.565  2.055
0.566  2.063
0.567  2.070
0.567  2.078
0.568  2.085
0.569  2.092
0.570  2.099
0.571  2.106
0.571  2.112
0.572  2.119
0.573  2.126
0.574  2.132
0.574  2.138
0.575  2.144
0.576  2.151
0.577  2.157
0.578  2.162
0.578  2.168
0.579  2.174
0.580  2.179
0.581  2.184
0.581  2.189
0.582  2.195
0.583  2.199
0.584  2.204
0.584  2.209
0.585  2.213
0.586  2.217
0.587  2.221
0.588  2.225
0.588  2.229
0.589  2.233
0.590  2.236
0.591  2.239
0.591  2.242
0.592  2.245
0.593  2.247
0.594  2.249
0.595  2.251
0.595  2.252
0.596  2.253
0.597  2.253
0.598  2.253
0.598  2.253
0.599  2.253
0.600  2.253
0.601  2.253
0.602  2.253
0.602  2.253
0.603  2.253
0.604  2.253
0.605  2.253
0.605  2.253
0.606  2.253
0.607  2.253
0.608  2.253
0.609  2.253
0.609  2.253
0.610  2.253
0.611  2.253
0.612  2.253
0.612  2.253
0.613  2.253
0.614  2.253
0.615  2.253
0.616  2.253
0.616  2.253
0.617  2.253
0.618  2.253
0.619  2.253
0.619  2.253
0.620  2.253
0.621  2.253
0.622  2.253
0.622  2.253
0.623  2.253
0.624  2.253
0.625  2.253
0.626  2.253
0.626  2.253
0.627  2.253
0.628  2.253
0.629  2.253
0.629  2.253
0.630  2.253
0.631  2.253
0.632  2.253
0.633  2.253
0.633  2.253
0.634  2.253
0.635  2.253
0.636  2.253
0.636  2.253
0.637  2.253
0.638  2.253
0.639  2.253
0.640  2.253
0.640  2.253
0.641  2.253
0.642  2.253
0.643  2.253
0.643  2.253
0.644  2.253
0.645  2.253
0.646  2.253
0.647  2.253
0.647  2.253
0.648  2.253
0.649  2.253
0.650  2.253
0.650  2.253
0.651  2.253
0.652  2.253
0.653  2.253
0.653  2.253
0.654  2.253
0.655  2.253
0.656  2.253
0.657  2.253
0.657  2.253
0.658  2.253
0.659  2.253
0.660  2.253
0.660  2.253
0.661  2.253
0.662  2.253
0.663  2.253
0.664  2.253
0.664  2.253
0.665  2.253
0.666  2.253
0.667  2.253
0.667  2.253
0.668  2.253
0.669  2.253
0.670  2.253
0.671  2.253
0.671  2.253
0.672  2.253
0.673  2.253
0.674  2.253
0.674  2.253
0.675  2.253
0.676  2.253
0.677  2.253
0.678  2.253
0.678  2.253
0.679  2.253
0.680  2.253
0.681  2.253
0.681  2.253
0.682  2.253
0.683  2.253
0.684  2.253
0.684  2.253
0.685  2.253
0.686  2.253
0.687  2.253
0.688  2.253
0.688  2.253
0.689  2.253
0.690  2.253
0.691  2.253
0.691  2.253
0.692  2.253
0.693  2.253
0.694  2.253
0.695  2.253
0.695  2.253
0.696  2.253
0.697  2.253
0.698  2.253
0.698  2.253
0.699  2.253
0.700  2.253
0.701  2.253
0.702  2.253
0.702  2.253
0.703  2.253
0.704  2.253
0.705  2.253
0.705  2.253
0.706  2.253
0.707  2.253
0.708  2.253
0.709  2.253
0.709  2.253
0.710  2.253
0.711  2.253
0.712  2.253
0.712  2.253
0.713  2.253
0.714  2.253
0.715  2.253
0.716  2.253
0.716  2.253
0.717  2.253
0.718  2.253
0.719  2.253
0.719  2.253
0.720  2.253
0.721  2.253
0.722  2.253
0.722  2.253
0.723  2.253
0.724  2.253
0.725  2.253
0.726  2.253
0.726  2.253
0.727  2.253
0.728  2.253
0.729  2.253
0.729  2.253
0.730  2.253
0.731  2.253
0.732  2.253
0.733  2.253
0.733  2.253
0.734  2.253
0.735  2.253
0.736  2.253
0.736  2.253
0.737  2.253
0.738  2.253
0.739  2.253
0.740  2.253
0.740  2.253
0.741  2.253
0.742  2.253
0.743  2.253
0.743  2.253
0.744  2.253
0.745  2.253
0.746  2.253
0.747  2.253
0.747  2.253
0.748  2.253
0.749  2.253
0.750  2.253
0.750  2.253
0.751  2.253
0.752  2.253
0.753  2.253
0.753  2.253
0.754  2.253
0.755  2.253
0.756  2.253
0.757  2.253
0.757  2.253
0.758  2.253
0.759  2.253
0.760  2.253
0.760  2.253
0.761  2.253
0.762  2.253
0.763  2.253
0.764  2.253
0.764  2.253
0.765  2.253
0.766  2.253
0.767  2.253
0.767  2.253
0.768  2.253
0.769  2.253
0.770  2.253
0.771  2.253
0.771  2.253
0.772  2.253
0.773  2.253
0.774  2.253
0.774  2.253
0.775  2.253
0.776  2.253
0.777  2.253
0.778  2.253
0.778  2.253
0.779  2.253
0.780  2.253
0.781  2.253
0.781  2.253
0.782  2.253
0.783  2.253
0.784  2.253
0.784  2.253
0.785  2.253
0.786  2.253
0.787  2.253
0.788  2.253
0.788  2.253
0.789  2.253
0.790  2.253
0.791  2.253
0.791  2.253
0.792  2.253
0.793  2.253
0.794  2.253
0.795  2.253
0.795  2.253
0.796  2.253
0.797  2.253
0.798  2.253
0.798  2.253
0.799  2.253
0.800  2.253
0.801  2.253
0.802  2.253
0.802  2.253
0.803  2.253
0.804  2.253
0.805  2.253
0.805  2.253
0.806  2.253
0.807  2.253
0.808  2.253
0.809  2.253
0.809  2.253
0.810  2.253
0.811  2.253
0.812  2.253
0.812  2.253
0.813  2.253
0.814  2.253
0.815  2.253
0.816  2.253
0.816  2.253
0.817  2.253
0.818  2.253
0.819  2.253
0.819  2.253
0.820  2.253
0.821  2.253
0.822  2.253
0.822  2.253
0.823  2.253
0.824  2.253
0.825  2.253
0.826  2.253
0.826  2.253
0.827  2.253
0.828  2.253
0.829  2.253
0.829  2.253
0.830  2.253
0.831  2.253
0.832  2.253
0.833  2.253
0.833  2.253
0.834  2.253
0.835  2.253
0.836  2.253
0.836  2.253
0.837  2.253
0.838  2.253
0.839  2.253
0.840  2.253
0.840  2.253
0.841  2.253
0.842  2.253
0.843  2.253
0.843  2.253
0.844  2.253
0.845  2.253
0.846  2.253
0.847  2.253
0.847  2.253
0.848  2.253
0.849  2.253
0.850  2.253
0.850  2.253
0.851  2.253
0.852  2.253
0.853  2.253
0.853  2.253
0.854  2.253
0.855  2.253
0.856  2.253
0.857  2.253
0.857  2.253
0.858  2.253
0.859  2.253
0.860  2.253
0.860  2.253
0.861  2.253
0.862  2.253
0.863  2.253
0.864  2.253
0.864  2.253
0.865  2.253
0.866  2.253
0.867  2.253
0.867  2.253
0.868  2.253
0.869  2.253
0.870  2.253
0.871  2.253
0.871  2.253
0.872  2.253
0.873  2.253
0.874  2.253
0.874  2.253
0.875  2.253
0.876  2.253
0.877  2.253
0.878  2.253
0.878  2.253
0.879  2.253
0.880  2.253
0.881  2.253
0.881  2.253
0.882  2.253
0.883  2.253
0.884  2.253
0.884  2.253
0.885  2.253
0.886  2.253
0.887  2.253
0.888  2.253
0.888  2.253
0.889  2.253
0.890  2.253
0.891  2.253
0.891  2.253
0.892  2.253
0.893  2.253
0.894  2.253
0.895  2.253
0.895  2.253
0.896  2.253
0.897  2.253
0.898  2.253
0.898  2.253
0.899  2.253
0.900  2.253
0.901  2.253
0.902  2.253
0.902  2.253
0.903  2.253
0.904  2.253
0.905  2.252
0.905  2.251
0.906  2.249
0.907  2.246
0.908  2.244
0.909  2.241
0.909  2.237
0.910  2.234
0.911  2.230
0.912  2.226
0.912  2.222
0.913  2.217
0.914  2.213
0.915  2.208
0.916  2.203
0.916  2.197
0.917  2.192
0.918  2.187
0.919  2.181
0.919  2.175
0.920  2.169
0.921  2.163
0.922  2.157
0.922  2.150
0.923  2.143
0.924  2.137
0.925  2.130
0.926  2.123
0.926  2.116
0.927  2.108
0.928  2.101
0.929  2.093
0.929  2.086
0.930  2.078
0.931  2.070
0.932  2.062
0.933  2.054
0.933  2.046
0.934  2.037
0.935  2.029
0.936  2.020
0.936  2.011
0.937  2.003
0.938  1.994
0.939  1.985
0.940  1.975
0.940  1.966
0.941  1.957
0.942  1.947
0.943  1.938
0.943  1.928
0.944  1.919
0.945  1.909
0.946  1.899
0.947  1.889
0.947  1.879
0.948  1.869
0.949  1.858
0.950  1.848
0.950  1.838
0.951  1.827
0.952  1.817
0.953  1.806
0.953  1.795
0.954  1.784
0.955  1.773
0.956  1.762
0.957  1.751
0.957  1.740
0.958  1.729
0.959  1.718
0.960  1.707
0.960  1.695
0.961  1.684
0.962  1.672
0.963  1.661
0.964  1.649
0.964  1.637
0.965  1.626
0.966  1.614
0.967  1.602
0.967  1.590
0.968  1.578
0.969  1.566
0.970  1.554
0.971  1.542
0.971  1.530
0.972  1.518
0.973  1.505
0.974  1.493
0.974  1.481
0.975  1.468
0.976  1.456
0.977  1.444
0.978  1.431
0.978  1.419
0.979  1.406
0.980  1.393
0.981  1.381
0.981  1.368
0.982  1.355
0.983  1.343
0.984  1.330
0.984  1.317
0.985  1.304
0.986  1.292
0.987  1.279
0.988  1.266
0.988  1.253
0.989  1.240
0.990  1.227
0.991  1.214
0.991  1.202
0.992  1.189
0.993  1.176
0.994  1.163
0.995  1.150
0.995  1.138
0.996  1.125
0.997  1.113
0.998  1.101
0.998  1.090
0.999  1.082
1.000  1.082
